97 0.335 0.455
98 0.335 0.455
99 0.335 0.455
100 0.335 0.445
101 0.335 0.455  
102 0.335 0.445
103 0.335 0.445
104 0.335 0.445
105 0.335 0.445
106 0.335 0.445
107 0.335 0.445
108 0.335 0.445
109 0.335 0.445
111 0.335 0.445
112 0.335 0.445
113 0.335 0.445
114 0.335 0.445
115 0.335 0.455
116 0.335 0.455
117 0.335 0.445
118 0.335 0.405
119 0.325 0.395
120 0.325 0.395
121 0.335 0.395
122 0.335 0.395
123 0.325 0.405
124 0.325 0.405
125 0.335 0.395
126 0.335 0.395
127 0.325 0.395
128 0.335 0.395
129 0.325 0.395
130 0.335 0.395
131 0.325 0.395
132 0.335 0.395
133 0.335 0.395
134 0.325 0.395
135 0.325 0.395
136 0.325 0.395
137 0.325 0.395
138 0.335 0.395
139 0.325 0.395
140 0.325 0.395
141 0.325 0.395
142 0.325 0.395
143 0.325 0.405
145 0.335 0.395
146 0.335 0.395
147 0.335 0.395
148 0.335 0.395
149 0.335 0.395
150 0.335 0.395
151 0.335 0.395
152 0.325 0.395
153 0.335 0.395
154 0.335 0.395
155 0.335 0.395
156 0.335 0.395
157 0.335 0.395
158 0.335 0.395
159 0.335 0.395
160 0.335 0.395
161 0.335 0.395
162 0.335 0.395
163 0.325 0.395
164 0.335 0.395
165 0.335 0.395
168 0.335 0.395
169 0.335 0.395
170 0.335 0.395
171 0.335 0.395
172 0.335 0.395
173 0.335 0.395
174 0.335 0.395
175 0.335 0.395
176 0.335 0.395
177 0.335 0.395
178 0.335 0.395
179 0.335 0.395
180 0.335 0.395
181 0.335 0.395
182 0.335 0.395
183 0.335 0.395
184 0.335 0.395
185 0.335 0.395
186 0.325 0.405
187 0.325 0.405
188 0.325 0.405
189 0.325 0.395
190 0.325 0.405
191 0.325 0.405
192 0.325 0.405
193 0.325 0.405
194 0.325 0.395
195 0.325 0.405
196 0.325 0.405
197 0.325 0.405
199 0.325 0.395
200 0.325 0.405
201 0.325 0.395
202 0.325 0.405
203 0.325 0.395
204 0.325 0.395
205 0.325 0.395
206 0.325 0.395
207 0.325 0.395
208 0.325 0.395
209 0.325 0.395
210 0.325 0.395
211 0.325 0.395
212 0.325 0.405
213 0.325 0.395
214 0.325 0.395
215 0.325 0.395
216 0.325 0.405
217 0.325 0.395
218 0.325 0.395
219 0.325 0.395
220 0.325 0.395
221 0.325 0.395
222 0.325 0.395
223 0.325 0.395
224 0.325 0.395
225 0.335 0.395
226 0.325 0.395
227 0.325 0.405
228 0.335 0.405
230 0.325 0.395
231 0.325 0.395
232 0.325 0.395
233 0.335 0.395
234 0.325 0.395
235 0.335 0.395
236 0.325 0.395
237 0.325 0.395
238 0.335 0.405
239 0.335 0.405
240 0.335 0.405
241 0.335 0.395
242 0.335 0.415
243 0.325 0.415
244 0.325 0.415
245 0.335 0.405
246 0.325 0.415
247 0.325 0.415
248 0.335 0.415
249 0.325 0.405
250 0.325 0.395
251 0.335 0.395
252 0.325 0.395
253 0.325 0.395
255 0.335 0.395
256 0.325 0.395
257 0.325 0.395
258 0.325 0.395
259 0.325 0.395
260 0.325 0.395
261 0.325 0.405
262 0.335 0.395
263 0.335 0.395
264 0.325 0.395
265 0.325 0.405
266 0.325 0.405
267 0.325 0.405
268 0.325 0.405
269 0.325 0.395
270 0.325 0.405
271 0.325 0.405
272 0.325 0.395
273 0.325 0.405
274 0.325 0.395
275 0.325 0.395
